9.574402197802198144e-02
1.036193186813186840e-01
1.810986813186813149e-01
6.275676923076922709e-02
1.202686813186813142e+00
4.007129890109889914e+01
6.989074725274725328e-03
2.563544835164835445e-02
3.282367230769230732e-02
1.189394065934066061e-02
2.057351208791208946e-02
3.820455604395603822e-03
2.553569230769231169e+01
8.769870329670328601e+02
1.315321318681318685e-01
2.527418021978022344e-01
2.745945692307692476e-01
1.141822219780219833e-01
2.905021978021977702e-01
8.386784615384615393e-02
